Class;x;y;z
Sleepy;0.3001340627670288;0.4783785343170166;-0.07774835079908371
Sleepy;0.2899622917175293;0.4303640127182007;-0.11992339044809341
Sleepy;0.2999476492404938;0.4485015273094177;-0.0688067153096199
Sleepy;0.2815663814544678;0.3872075080871582;-0.07613581418991089
Sleepy;0.28989842534065247;0.41554510593414307;-0.12480112910270691
Sleepy;0.29396480321884155;0.3982473909854889;-0.11240459978580475
Sleepy;0.3076266050338745;0.35962820053100586;-0.04249539226293564
Sleepy;0.17696505784988403;0.3627961277961731;0.08071061223745346
Sleepy;0.31224021315574646;0.32981806993484497;-0.020256225019693375
Sleepy;0.3125009536743164;0.3109271824359894;-0.02014225162565708
Sleepy;0.3207562267780304;0.2407791167497635;0.021440966054797173
Sleepy;0.3004324734210968;0.48574191331863403;-0.0762094110250473
Sleepy;0.30196815729141235;0.4923541247844696;-0.06933189183473587
Sleepy;0.3042014241218567;0.49607065320014954;-0.060244496911764145
Sleepy;0.3047735393047333;0.4962017238140106;-0.05984468758106232
Sleepy;0.30372005701065063;0.5017815828323364;-0.06437662988901138
Sleepy;0.30327290296554565;0.5096613168716431;-0.07049534469842911
Sleepy;0.3036915361881256;0.5189046263694763;-0.0691106766462326
Sleepy;0.3069239556789398;0.5383628606796265;-0.0501493401825428
Sleepy;0.29295867681503296;0.43902015686035156;-0.1101776733994484
Sleepy;0.27855947613716125;0.4396624267101288;-0.0769987553358078
Sleepy;0.13241484761238098;0.3138948082923889;0.21816642582416534
Sleepy;0.233575239777565;0.37383243441581726;0.04359569028019905
Sleepy;0.21322205662727356;0.37470877170562744;0.049479223787784576
Sleepy;0.19454918801784515;0.3736632168292999;0.05974394828081131
Sleepy;0.17174872756004333;0.3677450120449066;0.08483409881591797
Sleepy;0.250873863697052;0.3702924847602844;0.041607972234487534
Sleepy;0.2056146115064621;0.34044504165649414;0.04565509781241417
Sleepy;0.22749559581279755;0.3411206603050232;0.04053884744644165
Sleepy;0.18596476316452026;0.3421340882778168;0.056974202394485474
Sleepy;0.17370498180389404;0.3466542363166809;0.06835681200027466
Sleepy;0.1583586186170578;0.375666081905365;0.09661559015512466
Sleepy;0.23125635087490082;0.5643566846847534;-0.01361543033272028
Sleepy;0.1714215725660324;0.3603634238243103;0.09013166278600693
Sleepy;0.12608462572097778;0.3726367652416229;0.21145223081111908
Sleepy;0.14255554974079132;0.3669077157974243;0.12625207006931305
Sleepy;0.2095624953508377;0.4251977205276489;0.008470531553030014
Sleepy;0.2746906280517578;0.47603026032447815;-0.06835046410560608
Sleepy;0.2814573645591736;0.4922918379306793;-0.06079472228884697
Sleepy;0.25062912702560425;0.4820480942726135;-0.0502036027610302
Sleepy;0.23757994174957275;0.49064403772354126;-0.030707351863384247
Sleepy;0.26460766792297363;0.4941101372241974;-0.04728690907359123
Sleepy;0.2524716556072235;0.4974979758262634;-0.029959889128804207
Sleepy;0.21901902556419373;0.515713095664978;0.00043876119889318943
Sleepy;0.2734079360961914;0.42994245886802673;-0.11480258405208588
Sleepy;0.2704572081565857;0.41574954986572266;-0.11831948906183243
Sleepy;0.1473006308078766;0.3333529829978943;0.08601982891559601
Sleepy;0.2518293261528015;0.39228111505508423;0.005671798717230558
Sleepy;0.23580673336982727;0.42911478877067566;-0.04877101629972458
Sleepy;0.23698237538337708;0.4225466847419739;-0.040268365293741226
Sleepy;0.15584202110767365;0.42532941699028015;0.0517401248216629
Sleepy;0.2754335403442383;0.3997545838356018;-0.10057923942804337
Sleepy;0.18628734350204468;0.31863924860954285;0.03609968721866608
Sleepy;0.16186654567718506;0.32331591844558716;0.06063675880432129
Sleepy;0.14364783465862274;0.28724342584609985;0.17441415786743164
Sleepy;0.2699025273323059;0.3278700113296509;-0.003723982023075223
Sleepy;0.24725739657878876;0.3450224995613098;0.042888883501291275
Sleepy;0.20371143519878387;0.5031348466873169;0.013164414092898369
Sleepy;0.15001969039440155;0.5034617185592651;0.23214729130268097
Sleepy;0.2517709732055664;0.4375951588153839;-0.04533470794558525
Sleepy;0.26862528920173645;0.4425058364868164;-0.055039696395397186
Sleepy;0.22589096426963806;0.5033737421035767;0.0070940423756837845
Sleepy;0.23671405017375946;0.5020103454589844;-0.0015421665739268064
Sleepy;0.15426583588123322;0.31473371386528015;0.07667911052703857
Sleepy;0.23819772899150848;0.4362435042858124;-0.038452837616205215
Sleepy;0.22115358710289001;0.3191608786582947;0.01427287794649601
Sleepy;0.21703380346298218;0.30721062421798706;0.013217602856457233
Sleepy;0.20676937699317932;0.2500641345977783;0.07500651478767395
Sleepy;0.14887292683124542;0.29983168840408325;0.11921003460884094
Sleepy;0.213431715965271;0.2769324481487274;0.043147604912519455
Sleepy;0.13974687457084656;0.32768672704696655;0.11052434146404266
Sleepy;0.1357995718717575;0.32124078273773193;0.16112101078033447
Sleepy;0.2771863341331482;0.4849238097667694;-0.06690461933612823
Sleepy;0.2578083276748657;0.4891521632671356;-0.050193581730127335
Sleepy;0.24446113407611847;0.494220495223999;-0.032728567719459534
Sleepy;0.25771084427833557;0.4405408203601837;-0.04379284009337425
Sleepy;0.23121428489685059;0.5031197667121887;0.0023569820914417505
Sleepy;0.23846526443958282;0.5028965473175049;-0.015891436487436295
Sleepy;0.24014481902122498;0.5011322498321533;-0.0030624226201325655
Sleepy;0.25719666481018066;0.43146586418151855;-0.07560942322015762
Sleepy;0.25888723134994507;0.49747881293296814;-0.02740328758955002
Sleepy;0.2711164653301239;0.4959328770637512;-0.03995653986930847
Sleepy;0.286523699760437;0.4957311749458313;-0.05217302590608597
Sleepy;0.2809300720691681;0.5363261699676514;-0.044108543545007706
Sleepy;0.2797197997570038;0.5173441171646118;-0.06175991892814636
Sleepy;0.28040897846221924;0.5081468820571899;-0.0622980035841465
Sleepy;0.28263649344444275;0.5003915429115295;-0.05589570105075836
Sleepy;0.285511314868927;0.4958689212799072;-0.05123697221279144
Sleepy;0.256517231464386;0.497936487197876;-0.027079712599515915
Sleepy;0.2527737617492676;0.49949517846107483;-0.031701214611530304
Sleepy;0.24752704799175262;0.503598153591156;-0.035759009420871735
Sleepy;0.24316738545894623;0.5092006325721741;-0.031861890107393265
Sleepy;0.22130031883716583;0.4748367369174957;-0.01821839064359665
Sleepy;0.13723815977573395;0.43690475821495056;0.28722113370895386
Sleepy;0.29646968841552734;0.4432222843170166;-0.08285865932703018
Sleepy;0.24909868836402893;0.4997069239616394;-0.01309213601052761
Sleepy;0.24394629895687103;0.5004895329475403;-0.01616097241640091
Sleepy;0.27475300431251526;0.44850844144821167;-0.058055151253938675
Sleepy;0.24703603982925415;0.4456535875797272;-0.027598096057772636
Sleepy;0.27162832021713257;0.4457988142967224;-0.05689786374568939
Sleepy;0.23138560354709625;0.4004347622394562;0.01595817133784294
Sleepy;0.1990567296743393;0.4091401994228363;0.02750672772526741
Sleepy;0.23609428107738495;0.4294269382953644;-0.02877981960773468
Sleepy;0.1663961112499237;0.2656334936618805;0.12361849099397659
Sleepy;0.17334239184856415;0.2846391499042511;0.08070115745067596
Sleepy;0.18023160099983215;0.3072282671928406;0.04543556645512581
Sleepy;0.2347218543291092;0.5231031775474548;-0.01598677597939968
Sleepy;0.26275116205215454;0.3094978630542755;-0.007905112579464912
Sleepy;0.2596794664859772;0.27436506748199463;0.016062337905168533
Sleepy;0.2564089000225067;0.24235233664512634;0.03971922770142555
Sleepy;0.1795864850282669;0.37185466289520264;0.07322631031274796
Sleepy;0.1403997391462326;0.384884238243103;0.11160401254892349
Sleepy;0.26189932227134705;0.3663647174835205;0.04345850273966789
Sleepy;0.15643928945064545;0.35059985518455505;0.09310577809810638
Sleepy;0.2653244435787201;0.38288551568984985;-0.0038434267044067383
Sleepy;0.24440044164657593;0.42295801639556885;-0.07202959060668945
Sleepy;0.12494766712188721;0.3949836790561676;0.13888601958751678
Sleepy;0.14811156690120697;0.3934438228607178;0.08638213574886322
Sleepy;0.16874569654464722;0.3977110683917999;0.05847090482711792
Sleepy;0.20509134232997894;0.3957272171974182;0.04005327448248863
Sleepy;0.23306335508823395;0.3903016149997711;0.030243292450904846
Sleepy;0.25412964820861816;0.3837704658508301;0.020855236798524857
Sleepy;0.28878775238990784;0.36346930265426636;-0.029574688524007797
Sleepy;0.12384393811225891;0.4231339991092682;0.12546923756599426
Sleepy;0.1439858227968216;0.34864863753318787;0.10854580998420715
Sleepy;0.28285127878189087;0.4383006989955902;-0.10625658184289932
Sleepy;0.25038713216781616;0.40433451533317566;-0.007479610852897167
Sleepy;0.13308024406433105;0.37537187337875366;0.28878408670425415
Sleepy;0.2692732512950897;0.3758607506752014;0.015934795141220093
Sleepy;0.23763369023799896;0.43158093094825745;-0.00690581277012825
Sleepy;0.1659645140171051;0.3605291545391083;0.09586213529109955
Sleepy;0.2464989274740219;0.4148813486099243;-0.06151736527681351
Sleepy;0.14150135219097137;0.4693148732185364;0.26663532853126526
Sleepy;0.2631821632385254;0.36151939630508423;0.05135016888380051
Sleepy;0.26015931367874146;0.40554022789001465;-0.08476630598306656
Sleepy;0.16408544778823853;0.5323122143745422;0.09540815651416779
Sleepy;0.17358870804309845;0.5506999492645264;0.13171079754829407
Sleepy;0.12252005934715271;0.4302188754081726;0.20817160606384277
Sleepy;0.14724284410476685;0.5135090351104736;0.13430005311965942
Sleepy;0.1309266984462738;0.3450605273246765;0.1936136782169342
Sleepy;0.2279471606016159;0.5817643404006958;-0.0028981445357203484
Sleepy;0.2881496548652649;0.4427138566970825;-0.07961779832839966
Sleepy;0.2340223789215088;0.4147741496562958;0.0016419569728896022
Sleepy;0.131863534450531;0.37011611461639404;0.15274521708488464
Sleepy;0.195293128490448;0.3660593628883362;0.062467750161886215
Sleepy;0.21279700100421906;0.3672957420349121;0.05343969166278839
Sleepy;0.2332645058631897;0.5063411593437195;-0.011343374848365784
Sleepy;0.12743616104125977;0.45089009404182434;0.12353349477052689
Sleepy;0.26593029499053955;0.6075506210327148;-0.009235923178493977
Sleepy;0.2134656310081482;0.5838162899017334;0.054084714502096176
Sleepy;0.194170281291008;0.5699788331985474;0.08848746865987778
Sleepy;0.3159928619861603;0.2746606469154358;-0.0005618193536065519
Sleepy;0.3099702000617981;0.6137367486953735;-0.02591831423342228
Sleepy;0.23037779331207275;0.3667633831501007;0.048947520554065704
Sleepy;0.2469600886106491;0.36467140913009644;0.04895859211683273
Sleepy;0.2576131820678711;0.3630499243736267;0.05193141847848892
Sleepy;0.13575097918510437;0.3466469645500183;0.13525040447711945
Sleepy;0.24630147218704224;0.355092853307724;0.048308294266462326
Sleepy;0.2287040799856186;0.3532518148422241;0.047655973583459854
Sleepy;0.21109113097190857;0.35269230604171753;0.052260033786296844
Sleepy;0.1935926377773285;0.3542299270629883;0.061366431415081024
Sleepy;0.18255548179149628;0.35684722661972046;0.07040712982416153
Sleepy;0.12969347834587097;0.34154167771339417;0.2602415084838867
Sleepy;0.1842700093984604;0.36428773403167725;0.07245354354381561
Sleepy;0.30096325278282166;0.45816749334335327;-0.06642986088991165
Sleepy;0.23712676763534546;0.46539658308029175;-0.0318472757935524
Sleepy;0.2494305670261383;0.4348112642765045;-0.05326981097459793
Sleepy;0.2727648615837097;0.4592307209968567;-0.05919639766216278
Sleepy;0.3120820224285126;0.34508857131004333;-0.02278834953904152
Sleepy;0.18447385728359222;0.551245927810669;0.06223820522427559
Sleepy;0.20507541298866272;0.5664304494857788;0.030344072729349136
Sleepy;0.2605626583099365;0.5934515595436096;-0.0343550406396389
Sleepy;0.1606825292110443;0.5306731462478638;0.18417254090309143
Sleepy;0.25771960616111755;0.3585697412490845;0.050137702375650406
Sleepy;0.27258771657943726;0.3837715983390808;-0.03839830309152603
Sleepy;0.3053632974624634;0.600472092628479;-0.04988802596926689
Sleepy;0.23568034172058105;0.5966938734054565;0.01893780380487442
Sleepy;0.1273796260356903;0.46015647053718567;0.19500422477722168
Sleepy;0.2691669166088104;0.49616435170173645;-0.03946267440915108
Sleepy;0.2653093934059143;0.4994460642337799;-0.044174253940582275
Sleepy;0.26148948073387146;0.5054380893707275;-0.049050234258174896
Sleepy;0.25886955857276917;0.5139885544776917;-0.04693064093589783
Sleepy;0.25491222739219666;0.5302926301956177;-0.031957633793354034
Sleepy;0.24299225211143494;0.5006327629089355;-0.014233352616429329
Sleepy;0.23534849286079407;0.49950748682022095;-0.01239661406725645
Sleepy;0.22872118651866913;0.49751022458076477;-0.010721486993134022
Sleepy;0.20889081060886383;0.48796504735946655;-0.0009109088568948209
Sleepy;0.14455518126487732;0.45632418990135193;0.07015202194452286
Sleepy;0.27740010619163513;0.37217748165130615;-0.015065361745655537
Sleepy;0.2755070626735687;0.3505373001098633;0.031176375225186348
Sleepy;0.26538577675819397;0.35341718792915344;0.044070471078157425
Sleepy;0.24942854046821594;0.499054491519928;-0.012858472764492035
Sleepy;0.1469079703092575;0.4915795624256134;0.09496380388736725
Sleepy;0.28792938590049744;0.34820249676704407;-0.0017467668512836099
Sleepy;0.24258485436439514;0.5473442077636719;-0.0216447114944458
Sleepy;0.2989808917045593;0.38505226373672485;-0.08815871179103851
Sleepy;0.28470373153686523;0.3757655918598175;-0.05532257631421089
Sleepy;0.30332839488983154;0.37268996238708496;-0.06423099339008331
Sleepy;0.25673240423202515;0.40472710132598877;-0.04002726823091507
Sleepy;0.30377206206321716;0.5818135142326355;-0.05843936651945114
Sleepy;0.305353581905365;0.5591713190078735;-0.05398695543408394
Sleepy;0.27165624499320984;0.5554640293121338;-0.04310218244791031
Sleepy;0.2006903886795044;0.5221918821334839;0.015454424545168877
Sleepy;0.22214873135089874;0.44286105036735535;-0.0006805570446886122
Sleepy;0.21977853775024414;0.5368544459342957;-0.0028149473946541548
Sleepy;0.17923766374588013;0.4414796233177185;0.019614161923527718
Sleepy;0.20397040247917175;0.45712634921073914;0.003612031927332282
Sleepy;0.16514337062835693;0.4654604196548462;0.03551371023058891
Sleepy;0.26284271478652954;0.575653612613678;-0.04303848743438721
Sleepy;0.24733637273311615;0.41353580355644226;-0.023664360865950584
Sleepy;0.18614691495895386;0.5337990522384644;0.038231443613767624
Sleepy;0.20845113694667816;0.5502594113349915;0.013586756773293018
Sleepy;0.18496733903884888;0.5046290159225464;0.027623029425740242
Sleepy;0.13347934186458588;0.47517427802085876;0.12325002253055573
Sleepy;0.1652005910873413;0.5068081021308899;0.054754775017499924
Sleepy;0.13471372425556183;0.48790591955184937;0.17533688247203827
Sleepy;0.18984070420265198;0.4774147868156433;0.013634864240884781
Sleepy;0.2618322968482971;0.3937643766403198;-0.021716704592108727
Sleepy;0.25012683868408203;0.42889219522476196;-0.07861941307783127
Sleepy;0.24114878475666046;0.43357259035110474;-0.054704971611499786
Sleepy;0.2560446560382843;0.4184885323047638;-0.09526468068361282
Sleepy;0.25856176018714905;0.3394416868686676;0.030527587980031967
Sleepy;0.22540825605392456;0.33290165662765503;0.03353286162018776
Sleepy;0.1972375512123108;0.33159226179122925;0.04121488705277443
Sleepy;0.1750386357307434;0.3337278962135315;0.05583709850907326
Sleepy;0.16106531023979187;0.3399525582790375;0.07341378927230835
Sleepy;0.15580737590789795;0.36350733041763306;0.10705889761447906
Sleepy;0.12194931507110596;0.40104949474334717;0.21225786209106445
Sleepy;0.1659555286169052;0.38100358843803406;0.08178241550922394
Sleepy;0.18370312452316284;0.38413798809051514;0.06261847913265228
Sleepy;0.20882241427898407;0.38431939482688904;0.04758574441075325
Sleepy;0.23442883789539337;0.38154470920562744;0.03894734010100365
Sleepy;0.25423550605773926;0.37686485052108765;0.03387397155165672
Sleepy;0.26750996708869934;0.37182754278182983;0.030377747491002083
Sleepy;0.13639293611049652;0.406246542930603;0.2964641749858856
Sleepy;0.24410761892795563;0.43803802132606506;-0.04462156444787979
Sleepy;0.2676972448825836;0.39423680305480957;-0.05820593982934952
Sleepy;0.26107609272003174;0.42843642830848694;-0.09996994584798813
Sleepy;0.27512192726135254;0.4366833567619324;-0.09588722139596939
Sleepy;0.2636067271232605;0.43162980675697327;-0.08952661603689194
Sleepy;0.2513480484485626;0.44284069538116455;-0.04016799479722977
Sleepy;0.27745574712753296;0.4375975430011749;-0.1026964858174324
Sleepy;0.282362699508667;0.4416835606098175;-0.07825037837028503
Sleepy;0.2693614959716797;0.36162620782852173;0.0449010469019413
Sleepy;0.2780282497406006;0.3639281988143921;0.026871835812926292
Sleepy;0.2807614803314209;0.36492982506752014;0.008528416976332664
Sleepy;0.17614108324050903;0.3587433695793152;0.07923746109008789
Sleepy;0.16560019552707672;0.3521316945552826;0.08296501636505127
Sleepy;0.31874191761016846;0.3882463872432709;-0.08557999134063721
Sleepy;0.488227903842926;0.3700580894947052;0.013937307521700859
Sleepy;0.31900477409362793;0.441070020198822;-0.08447195589542389
Sleepy;0.5860225558280945;0.3223193883895874;0.11631647497415543
Sleepy;0.4198468327522278;0.3779057264328003;0.000591648742556572
Sleepy;0.44245314598083496;0.3802972137928009;-0.0027517632115632296
Sleepy;0.4647939205169678;0.38095349073410034;-0.0002576082479208708
Sleepy;0.49773043394088745;0.3755432069301605;0.013953947462141514
Sleepy;0.4013426601886749;0.37341225147247314;0.007775542791932821
Sleepy;0.44839486479759216;0.3426740765571594;-0.008578386157751083
Sleepy;0.4243299067020416;0.3433380424976349;-0.0019990461878478527
Sleepy;0.4721209406852722;0.34519609808921814;-0.005786185618489981
Sleepy;0.4892323315143585;0.35069501399993896;0.0006926925852894783
Sleepy;0.5146878361701965;0.38515543937683105;0.020890993997454643
Sleepy;0.39421817660331726;0.5739020109176636;-0.04560433328151703
Sleepy;0.49707791209220886;0.3670929968357086;0.020268747583031654
Sleepy;0.589394211769104;0.38487666845321655;0.10810091346502304
Sleepy;0.541728138923645;0.3768483102321625;0.040925536304712296
Sleepy;0.4263908267021179;0.4326414465904236;-0.03506262227892876
Sleepy;0.32846397161483765;0.47752687335014343;-0.08037226647138596
Sleepy;0.3265964388847351;0.49355876445770264;-0.07178855687379837
Sleepy;0.3603353798389435;0.48563411831855774;-0.07449277490377426
Sleepy;0.3812211751937866;0.49495524168014526;-0.06433028727769852
Sleepy;0.34994614124298096;0.49681413173675537;-0.06860712170600891
Sleepy;0.36815428733825684;0.5010840892791748;-0.0580795481801033
Sleepy;0.412506103515625;0.5228363275527954;-0.042031653225421906
Sleepy;0.3092125952243805;0.4308415353298187;-0.12102435529232025
Sleepy;0.31231793761253357;0.4169178307056427;-0.12585429847240448
Sleepy;0.5234696269035339;0.33718031644821167;0.00570492772385478
Sleepy;0.383556604385376;0.39613041281700134;-0.023249641060829163
Sleepy;0.37530702352523804;0.4333280622959137;-0.0766797810792923
Sleepy;0.37874525785446167;0.4269280433654785;-0.06899933516979218
Sleepy;0.49916356801986694;0.43706879019737244;-0.01958051510155201
Sleepy;0.31517493724823;0.40096038579940796;-0.11000948399305344
Sleepy;0.4620181620121002;0.3190658390522003;-0.01848907582461834
Sleepy;0.49725642800331116;0.3251694440841675;-0.008571702055633068
Sleepy;0.5584121346473694;0.2931618392467499;0.08312446624040604
Sleepy;0.3605491518974304;0.328086256980896;-0.021341709420084953
Sleepy;0.4041621685028076;0.3474067449569702;0.007823941297829151
Sleepy;0.43052205443382263;0.5113329291343689;-0.037784140557050705
Sleepy;0.5735121965408325;0.5221483111381531;0.13632865250110626
Sleepy;0.3587409555912018;0.44082245230674744;-0.06646155565977097
Sleepy;0.3386044204235077;0.4448796808719635;-0.06555256247520447
Sleepy;0.40371638536453247;0.5086196660995483;-0.037143196910619736
Sleepy;0.3944547176361084;0.5065491199493408;-0.04065549001097679
Sleepy;0.5114906430244446;0.3161828815937042;0.00279536796733737
Sleepy;0.3780892491340637;0.44083118438720703;-0.06566482782363892
Sleepy;0.41711440682411194;0.31924283504486084;-0.023256685584783554
Sleepy;0.4208167791366577;0.30694305896759033;-0.02573385275900364
Sleepy;0.45452600717544556;0.2519643306732178;0.022950490936636925
Sleepy;0.5335174202919006;0.30387580394744873;0.03768448159098625
Sleepy;0.43415185809135437;0.27783870697021484;-0.0020252210088074207
Sleepy;0.5397117137908936;0.3322522044181824;0.024397632107138634
Sleepy;0.5616925954818726;0.3279646039009094;0.06826922297477722
Sleepy;0.3275933265686035;0.48634400963783264;-0.0788947194814682
Sleepy;0.3540162444114685;0.4922371506690979;-0.0730985701084137
Sleepy;0.3741151690483093;0.4982849657535553;-0.06323809176683426
Sleepy;0.35333725810050964;0.4437064826488495;-0.06068498641252518
Sleepy;0.3984263837337494;0.5077832341194153;-0.03878708556294441
Sleepy;0.3876184821128845;0.5069360136985779;-0.05063340440392494
Sleepy;0.3932759463787079;0.5057716369628906;-0.04099131003022194
Sleepy;0.34164777398109436;0.4336235225200653;-0.09456264972686768
Sleepy;0.3657602369785309;0.5006916522979736;-0.05406585708260536
Sleepy;0.34722721576690674;0.4983290433883667;-0.05985244736075401
Sleepy;0.3260684311389923;0.4967396855354309;-0.06332256644964218
Sleepy;0.3360850512981415;0.5385696291923523;-0.05442815646529198
Sleepy;0.33088070154190063;0.5187518000602722;-0.07331381738185883
Sleepy;0.32899805903434753;0.5094428658485413;-0.07445366680622101
Sleepy;0.32769575715065;0.5015515089035034;-0.06780828535556793
Sleepy;0.327004075050354;0.4970424771308899;-0.06271234899759293
Sleepy;0.3668993413448334;0.5009744763374329;-0.05379708111286163
Sleepy;0.3694370985031128;0.502792239189148;-0.05851743742823601
Sleepy;0.37362098693847656;0.5069262981414795;-0.06329473108053207
Sleepy;0.37805619835853577;0.5128457546234131;-0.061202771961688995
Sleepy;0.4025407135486603;0.48131459951400757;-0.05659326910972595
Sleepy;0.6014775037765503;0.4529668390750885;0.18161100149154663
Sleepy;0.379557341337204;0.5036386847496033;-0.04670784994959831
Sleepy;0.38277313113212585;0.5044468641281128;-0.0495876669883728
Sleepy;0.330051451921463;0.45069751143455505;-0.06830999255180359
Sleepy;0.3713423013687134;0.45034322142601013;-0.049018971621990204
Sleepy;0.3340323567390442;0.4480113089084625;-0.06712491810321808
Sleepy;0.40824055671691895;0.40588152408599854;-0.02184959314763546
Sleepy;0.44474688172340393;0.41727015376091003;-0.023566171526908875
Sleepy;0.38413891196250916;0.4341737627983093;-0.05825966224074364
Sleepy;0.516090989112854;0.2692747116088867;0.0489996112883091
Sleepy;0.49277666211128235;0.28669852018356323;0.015056189149618149
Sleepy;0.4708211421966553;0.3074881434440613;-0.01298072561621666
Sleepy;0.39209115505218506;0.5294941067695618;-0.05031062290072441
Sleepy;0.36639973521232605;0.3087843358516693;-0.027194034308195114
Sleepy;0.37726515531539917;0.27501219511032104;-0.007191848941147327
Sleepy;0.39135506749153137;0.2433026134967804;0.013687352649867535
Sleepy;0.4855591058731079;0.3798806667327881;0.006149927619844675
Sleepy;0.538060188293457;0.3963496685028076;0.027298754081130028
Sleepy;0.3892826735973358;0.369006872177124;0.013358552008867264
Sleepy;0.5160430669784546;0.3568127453327179;0.01566193625330925
Sleepy;0.36635980010032654;0.3855563700199127;-0.026932239532470703
Sleepy;0.3572157323360443;0.4260185956954956;-0.09458006173372269
Sleepy;0.5642645955085754;0.4081537127494812;0.043789155781269073
Sleepy;0.5200007557868958;0.4048374891281128;0.006862272974103689
Sleepy;0.48803913593292236;0.4078259766101837;-0.008790173567831516
Sleepy;0.44390782713890076;0.4030628800392151;-0.011174336075782776
Sleepy;0.4122552275657654;0.39556223154067993;-0.009058337658643723
Sleepy;0.38806113600730896;0.3873865306377411;-0.008898151107132435
Sleepy;0.3306047320365906;0.3641728162765503;-0.03915201500058174
Sleepy;0.5593186020851135;0.4377624988555908;0.030776727944612503
Sleepy;0.5350248217582703;0.35592103004455566;0.02353532984852791
Sleepy;0.30449846386909485;0.43897727131843567;-0.11138977855443954
Sleepy;0.37835434079170227;0.40829432010650635;-0.035255540162324905
Sleepy;0.6067461967468262;0.38825175166130066;0.18037500977516174
Sleepy;0.36930084228515625;0.37835022807121277;-0.007127224933356047
Sleepy;0.3886987268924713;0.43657341599464417;-0.03581712394952774
Sleepy;0.5059863328933716;0.36754268407821655;0.022733895108103752
Sleepy;0.36114710569381714;0.41820600628852844;-0.08465038239955902
Sleepy;0.5921138525009155;0.4869140386581421;0.16484373807907104
Sleepy;0.39073336124420166;0.36416003108024597;0.019882895052433014
Sleepy;0.3381054103374481;0.4080747663974762;-0.10127585381269455
Sleepy;0.5076258182525635;0.5499216318130493;0.023636983707547188
Sleepy;0.5133466720581055;0.5698391199111938;0.05902976170182228
Sleepy;0.5881012082099915;0.44568750262260437;0.1044079139828682
Sleepy;0.5403984785079956;0.5318414568901062;0.050009097903966904
Sleepy;0.5769779682159424;0.35472556948661804;0.09448417276144028
Sleepy;0.4004964530467987;0.5928961634635925;-0.037514761090278625
Sleepy;0.30539587140083313;0.44308099150657654;-0.08281980454921722
Sleepy;0.3994535207748413;0.4202650785446167;-0.03263231739401817
Sleepy;0.5624761581420898;0.3813234865665436;0.05887618660926819
Sleepy;0.4634586274623871;0.3725835084915161;0.003953918348997831
Sleepy;0.44294679164886475;0.37240540981292725;0.0014498032396659255
Sleepy;0.3934367895126343;0.51077800989151;-0.04878092557191849
Sleepy;0.5553450584411621;0.4666610658168793;0.0316358357667923
Sleepy;0.35875436663627625;0.613909900188446;-0.02829599939286709
Sleepy;0.4376312792301178;0.5984732508659363;0.006257584318518639
Sleepy;0.47270166873931885;0.5870742797851562;0.028737947344779968
Sleepy;0.4242340624332428;0.37042000889778137;0.004611311014741659
Sleepy;0.4072226881980896;0.36755532026290894;0.01105543877929449
Sleepy;0.39633092284202576;0.36575445532798767;0.018212610855698586
Sleepy;0.5534795522689819;0.3547118604183197;0.04397105798125267
Sleepy;0.40905746817588806;0.35846272110939026;0.009108543395996094
Sleepy;0.427999883890152;0.3568387031555176;0.002242353744804859
Sleepy;0.44660407304763794;0.3567625880241394;-0.00046767439926043153
Sleepy;0.4668341875076294;0.35901349782943726;0.001167622278444469
Sleepy;0.48050421476364136;0.36228954792022705;0.006407855544239283
Sleepy;0.6006513833999634;0.35234981775283813;0.15331070125102997
Sleepy;0.4777524173259735;0.3715553283691406;0.008880198933184147
Sleepy;0.38111960887908936;0.4705684185028076;-0.06097538769245148
Sleepy;0.35800832509994507;0.4378616213798523;-0.07283470779657364
Sleepy;0.3328505754470825;0.4613337814807892;-0.07129275053739548
Sleepy;0.4729253053665161;0.5673758387565613;0.003471359144896269
Sleepy;0.4384760856628418;0.5806763172149658;-0.016203435137867928
Sleepy;0.3560856878757477;0.599650502204895;-0.05326104164123535
Sleepy;0.5460110306739807;0.5499524474143982;0.09819352626800537
Sleepy;0.39623817801475525;0.3615736961364746;0.015431836247444153
Sleepy;0.3437255322933197;0.3857373595237732;-0.053957875818014145
Sleepy;0.3995770812034607;0.6077042818069458;-0.01680879294872284
Sleepy;0.5806833505630493;0.4769425690174103;0.09504028409719467
Sleepy;0.3480762541294098;0.4983285367488861;-0.05944592505693436
Sleepy;0.35060855746269226;0.5016576647758484;-0.06490667164325714
Sleepy;0.3533240556716919;0.507797122001648;-0.07076707482337952
Sleepy;0.3560895323753357;0.516548216342926;-0.06944485753774643
Sleepy;0.3665509819984436;0.534937858581543;-0.05676230788230896
Sleepy;0.3842259645462036;0.5047065019607544;-0.049248259514570236
Sleepy;0.39012864232063293;0.5041190385818481;-0.050845660269260406
Sleepy;0.39671590924263;0.502495527267456;-0.051586031913757324
Sleepy;0.42048144340515137;0.49546632170677185;-0.048217806965112686
Sleepy;0.5188061594963074;0.4702097177505493;-0.007585777901113033
Sleepy;0.34815549850463867;0.3738935887813568;-0.031192384660243988
Sleepy;0.368519127368927;0.3522850275039673;0.010266711004078388
Sleepy;0.38482701778411865;0.3559113144874573;0.01499861478805542
Sleepy;0.3809381425380707;0.5028076767921448;-0.04666068032383919
Sleepy;0.5248857140541077;0.507469654083252;0.01576530560851097
Sleepy;0.34353145956993103;0.3490338623523712;-0.013800597749650478
Sleepy;0.3820425271987915;0.5547836422920227;-0.04925042763352394
Sleepy;0.32477471232414246;0.37681901454925537;-0.06354250758886337
Sleepy;0.3591027557849884;0.4078540802001953;-0.060892634093761444
Sleepy;0.34381458163261414;0.5593313574790955;-0.056319814175367355
Sleepy;0.43821582198143005;0.5327528119087219;-0.033236224204301834
Sleepy;0.40820345282554626;0.44965025782585144;-0.03696190193295479
Sleepy;0.4128313660621643;0.5462131500244141;-0.041154976934194565
Sleepy;0.46259501576423645;0.4517810642719269;-0.03636038675904274
Sleepy;0.42948371171951294;0.46568721532821655;-0.041855789721012115
Sleepy;0.4839400351047516;0.47780027985572815;-0.02856551483273506
Sleepy;0.3511233925819397;0.58099365234375;-0.060794949531555176
Sleepy;0.37538963556289673;0.4175354540348053;-0.04971928894519806
Sleepy;0.4616294503211975;0.5477052927017212;-0.017367392778396606
Sleepy;0.4283517599105835;0.5623775720596313;-0.029114335775375366
Sleepy;0.45699387788772583;0.5158166289329529;-0.03061634860932827
Sleepy;0.5500981211662292;0.4917265772819519;0.035254187881946564
Sleepy;0.4906572699546814;0.5212138891220093;-0.012069002725183964
Sleepy;0.5676857233047485;0.5060157775878906;0.07988689839839935
Sleepy;0.4475995898246765;0.4874635934829712;-0.04028046876192093
Sleepy;0.36099156737327576;0.39673662185668945;-0.04376545548439026
Sleepy;0.3486849069595337;0.4315395951271057;-0.0989048108458519
Sleepy;0.3676331043243408;0.4373539090156555;-0.0780704990029335
Sleepy;0.3352276086807251;0.42074766755104065;-0.11187490820884705
Sleepy;0.385452538728714;0.34130874276161194;0.0023010175209492445
Sleepy;0.42065751552581787;0.3344752788543701;-0.006855999585241079
Sleepy;0.4526858925819397;0.3331805467605591;-0.011653215624392033
Sleepy;0.4813116192817688;0.33656150102615356;-0.00862114131450653
Sleepy;0.503538966178894;0.344277560710907;0.001061547314748168
Sleepy;0.52115398645401;0.37168169021606445;0.028947878628969193
Sleepy;0.5917451977729797;0.4152192175388336;0.10629688948392868
Sleepy;0.5011492967605591;0.39026758074760437;0.010263299569487572
Sleepy;0.4755101501941681;0.392631471157074;0.00032603568979538977
Sleepy;0.4446521997451782;0.3909793794155121;-0.003742814064025879
Sleepy;0.41604065895080566;0.38615718483924866;-0.0015494819963350892
Sleepy;0.3940814137458801;0.3802938163280487;0.003252052003517747
Sleepy;0.37828680872917175;0.37443751096725464;0.005366065539419651
Sleepy;0.6050798296928406;0.4209912419319153;0.1880163699388504
Sleepy;0.3684294521808624;0.4420257806777954;-0.06763043254613876
Sleepy;0.3391335904598236;0.3964341878890991;-0.07447811216115952
Sleepy;0.3281581997871399;0.4303435683250427;-0.11300145089626312
Sleepy;0.3178252577781677;0.43799251317977905;-0.1035187616944313
Sleepy;0.3304090201854706;0.43354588747024536;-0.10300508141517639
Sleepy;0.36288660764694214;0.4468243718147278;-0.059518054127693176
Sleepy;0.3124158978462219;0.4385049343109131;-0.10886792838573456
Sleepy;0.3132514953613281;0.44282764196395874;-0.08351315557956696
Sleepy;0.38090211153030396;0.36405616998672485;0.018571870401501656
Sleepy;0.3656706213951111;0.36592334508895874;0.007306019775569439
Sleepy;0.35519537329673767;0.36649289727211;-0.007922500371932983
Sleepy;0.48934581875801086;0.36488232016563416;0.012188716791570187
Sleepy;0.5030539631843567;0.35767045617103577;0.011400683782994747
